.Random.seed <-
c(10403L, 10L, 1070334069L, -1557594868L, 324112610L, -1967842883L, 
-1319379401L, -1967876898L, 2012958744L, -1067044997L, 667791129L, 
-2036231256L, -1193532586L, -430433327L, 518352771L, -642688494L, 
-81834588L, 1330755943L, 1424254653L, -1698787788L, -1651550822L, 
964186597L, -816849537L, -61303546L, -566317424L, 392455987L, 
-1226165039L, -1383534976L, -2081278114L, 1562694825L, -1569757349L, 
-26829462L, 841265164L, 612116559L, -985562875L, -658146884L, 
2027809938L, 615143309L, -189902905L, -672090962L, -1306315512L, 
1583129355L, -1513370135L, 451058360L, -849003162L, -1168738815L, 
-343596909L, 1643289410L, -780937996L, 968573175L, -1446725395L, 
-988972156L, -2140514902L, 249219861L, -1769752145L, 114424246L, 
952246240L, -1445220573L, 1956692033L, 2048695088L, -239300274L, 
793199545L, 1894135243L, 476153466L, -1928942724L, -1410866241L, 
138890389L, 1601704620L, -1897279358L, -356097955L, 533600087L, 
1504348734L, 441515640L, 1883708763L, -1782920007L, -1236998904L, 
1592911798L, -1090466575L, -1361933533L, 366497138L, -680204348L, 
-806206585L, 1108087133L, 1963724628L, -81259142L, 1471082693L, 
335237663L, 1530271142L, -328706256L, 1053154771L, -2036765711L, 
377048352L, -1795765314L, -168999991L, 1963103099L, 1641640266L, 
-1880400468L, 183052463L, -1733299611L, -700569060L, -1776843662L, 
-214828307L, -186128601L, 1689387854L, 1354959784L, 1896329131L, 
75201737L, 1297026264L, -338144890L, 506062945L, 1987856883L, 
-1541851038L, 1202794196L, 1452914647L, 1650468301L, 1115947364L, 
1288488266L, 884917429L, 171787279L, 297295126L, 1423534016L, 
1414599555L, -944234079L, -1638019696L, 565526126L, 1779722265L, 
-1564887893L, 597592218L, -1274259364L, -1615719073L, 82894645L, 
614281932L, -1695322078L, 259725949L, -1020940425L, -458350434L, 
-1144856744L, -1849390405L, -183249831L, -469921816L, -1139287530L, 
-154526319L, 1451509315L, 432149842L, 1013184996L, -177752025L, 
-1961507715L, -265197196L, 1683596634L, -1081560155L, -1191435329L, 
2054934598L, -2022596912L, -815748877L, 225492497L, -1355462592L, 
1393032222L, -1291805975L, 399081499L, -1618114518L, -1418618036L, 
980138255L, 466054213L, -1613566468L, -735847342L, 793542093L, 
39952263L, 422976110L, -1299621304L, -368464821L, 2140327337L, 
2012012792L, -1100528602L, 1599505729L, 445756115L, 1545009794L, 
-693231436L, 1022087223L, -1805368531L, -1323894716L, 492111210L, 
1204662741L, 372828015L, 212115062L, 2002588064L, -445098397L, 
-2000720127L, -1304387984L, -1921533426L, 986313337L, 1969774091L, 
-1746522310L, 550721084L, 2122562943L, 1649004245L, -1673945364L, 
-1200443326L, -917530723L, 672015895L, 687692670L, 1689680184L, 
904549915L, 917583737L, -1774751288L, -1697436170L, -954888143L, 
1660688995L, 181650994L, -134458492L, -2121190969L, 1760336029L, 
1881870356L, 526542522L, -1790871803L, 801248479L, -1572252314L, 
-1724374800L, 1059365907L, 135997873L, 51258464L, -871239170L, 
-92056183L, -1363799365L, 405339786L, 1193097580L, 1134067439L, 
-1343043291L, -2030753828L, 615826866L, 1325691578L, 1258766096L, 
1132446956L, 819047508L, -1348358382L, 1691115424L, 1627448268L, 
2062179168L, 1406772418L, 455851560L, -483820116L, 1192848188L, 
216438642L, 1501200176L, -584763868L, -960271304L, 1554983130L, 
101072272L, -602612996L, -550444140L, -1503895742L, 1093223936L, 
-1658966468L, -1504243120L, -1337041246L, 553929544L, -2028166644L, 
-505882404L, -1386915246L, 1152088192L, 1303036756L, -1456386584L, 
-663089414L, 2127334224L, 1045417004L, -1295435404L, -2057234798L, 
219209312L, -1128778100L, -1819830432L, -904322334L, -1291988824L, 
-1881482036L, 1889112572L, -424335438L, -1106687504L, -1641990716L, 
-1152502952L, -111800454L, 744711600L, -1469194820L, -1344967596L, 
-939733054L, -1386539232L, 1471849404L, 289971792L, 610916834L, 
-470948504L, -1213049524L, -1417216772L, 796975858L, -253228288L, 
-347869580L, 1575943176L, 569182650L, -1904514096L, -1699179028L, 
415760276L, 1125863122L, -2058663328L, 494392652L, -879980256L, 
-391469438L, 176768488L, 1309760492L, 1340676668L, -820861326L, 
-1168991376L, -1141376732L, 982247992L, 1815587226L, -1426543152L, 
-871576132L, -1360010092L, 790220930L, -962644544L, -1776580804L, 
-1483253616L, -1811215582L, -1585135096L, -1704099572L, 858925468L, 
1702828562L, -1522819200L, -161303788L, -794158808L, -489725894L, 
1981125584L, -2021636500L, 1732686388L, -201353582L, -1548448416L, 
1498358092L, -968821792L, 1440940450L, -2036178520L, -941900148L, 
-1502431812L, 373039730L, 966601712L, 1803950660L, -1511956392L, 
2062709818L, -155149200L, 517162044L, -1275732716L, 527819458L, 
-356378912L, 1931795580L, -1456848176L, -1284218462L, 562500648L, 
1324685068L, -1295923780L, -1263278286L, -91582784L, -154916812L, 
505802440L, 1566222522L, -793345392L, -161290516L, -1166044588L, 
-561967470L, 1196807456L, -1351295540L, 1589227232L, -64684862L, 
1814256680L, -205347924L, 286803644L, 1236830194L, -605769168L, 
246995876L, 1343792568L, -403224742L, 470472848L, 1450846076L, 
280044820L, -230571710L, -2099118848L, -176954948L, 2106367312L, 
187828514L, 1808839240L, 497982476L, 496824924L, 1045476818L, 
1269923328L, -1440919212L, -1759902488L, 1813289210L, 1782444752L, 
-45539540L, -273859340L, 300184978L, -1727387296L, -283514868L, 
1261512928L, 1512744546L, -753471320L, -261744564L, -1553180804L, 
1641061682L, -1214476688L, -864762044L, -488535080L, -98824326L, 
1989329968L, 2064244668L, -1802823084L, 91672642L, -265267552L, 
1060309692L, 249087952L, -1283544734L, 485083880L, -453684020L, 
-243643908L, 2145284594L, 178491520L, 171027956L, -1109407096L, 
1231079226L, 712784208L, -1707214740L, 403834260L, 163998802L, 
-1298656800L, 1807630540L, -1030149472L, 2019127682L, 229201128L, 
-1797211412L, 185299260L, 874884210L, -2088903056L, -1017194972L, 
1947705400L, 1853043994L, -32018224L, 211152188L, 379539348L, 
80197506L, 1533898688L, -2011910596L, -1265196656L, 940459042L, 
-1622499064L, -563534708L, 545280796L, -1873063790L, -1281146496L, 
1837775892L, -784419032L, -1073250758L, 1188209104L, 1675616620L, 
-796587613L, 1282473317L, -934486910L, 2061055472L, 620577689L, 
1985930635L, -1256845188L, 888304298L, -409752353L, 28961385L, 
865339518L, 25464940L, -1736742723L, 501143943L, 2133478768L, 
-253954034L, -2086537925L, 1442191901L, 365084362L, -149341720L, 
458010321L, 1696656067L, 1113498052L, -731904398L, 1057240903L, 
818816785L, 753293974L, -2144583692L, 1012910469L, 1814987983L, 
-372736568L, -1210379162L, 1085362835L, 2003622389L, -880872494L, 
-676009952L, 651969033L, 697506619L, 374681228L, -1294171366L, 
962725263L, -2046108967L, 1763603822L, 2107693308L, 1999233645L, 
-472220137L, 348716000L, -447821890L, 1749513611L, 981116429L, 
875182650L, -259747208L, 575191585L, -751725357L, -381676556L, 
1445016706L, -2055398121L, -1221309471L, 810278L, -1007789020L, 
-1169975595L, -1379020161L, 1855111960L, 1494620726L, -36029245L, 
-46755579L, 95652002L, 915676816L, -426796487L, -1681120533L, 
-13130788L, -1171995126L, 1455880447L, 270179657L, -199471394L, 
1963553932L, 740131933L, -1759118745L, 2070061968L, 139216814L, 
-1905031589L, -1787372995L, 203320490L, -796975800L, -2034949775L, 
-1969436957L, 1253461476L, -2127838958L, 2136423655L, -31208783L, 
1602834678L, 946608916L, -370084827L, -1726295761L, 154396392L, 
-1150757946L, 33506931L, 597240021L, 2092888754L, 3177088L, 32832105L, 
-1545785637L, -706475476L, -1192558022L, -1875309329L, -2091458695L, 
1873634318L, -779232804L, -1285670323L, 222300599L, -2137544896L, 
-729883106L, -199218965L, -761603987L, -1308561190L, -265875304L, 
-1749555455L, -714871629L, -1030567980L, -1812880670L, 1188807543L, 
1849257665L, -715987386L, -58697340L, 906733365L, -1555114721L, 
420117624L, 89254230L, -1548154909L, -673312347L, 2114372674L, 
-206759376L, 291631705L, 681812939L, 355353660L, 11029098L, 72698015L, 
1535566121L, 496530878L, 1914307756L, -125206019L, -2135635641L, 
-1499561424L, 1034781518L, 184502139L, 42201309L, -1671644918L, 
